image_width   : 1280
image_height  : 960
focal_x    : 983.044006
focal_y    : 983.044006
center_x    : 643.646973
center_y    : 493.378998